# Camera list with one line of data per camera:
#   CAMERA_ID, MODEL, WIDTH, HEIGHT, PARAMS[]
# Number of cameras: 100
100 SIMPLE_RADIAL 1280 720 615.2540100177946 640 360 -0.016940382199541686
99 SIMPLE_RADIAL 1280 720 614.92927478960451 640 360 -0.017156935732768577
98 SIMPLE_RADIAL 1280 720 614.50855378973347 640 360 -0.017064958772388505
97 SIMPLE_RADIAL 1280 720 614.15756651172933 640 360 -0.016191430218053277
96 SIMPLE_RADIAL 1280 720 613.38776888468965 640 360 -0.016241133015166456
95 SIMPLE_RADIAL 1280 720 613.19520897456437 640 360 -0.016239950528905808
94 SIMPLE_RADIAL 1280 720 612.85561507153818 640 360 -0.015794285048442571
93 SIMPLE_RADIAL 1280 720 612.13581154338112 640 360 -0.019722582151020678
92 SIMPLE_RADIAL 1280 720 611.59675941023511 640 360 -0.019499910380732375
91 SIMPLE_RADIAL 1280 720 611.90158359701388 640 360 -0.018922167870368597
90 SIMPLE_RADIAL 1280 720 611.67844539408827 640 360 -0.020044920786938165
89 SIMPLE_RADIAL 1280 720 611.07435990852889 640 360 -0.021833389207812477
88 SIMPLE_RADIAL 1280 720 610.9258506921974 640 360 -0.021611498127874051
87 SIMPLE_RADIAL 1280 720 611.49882882217264 640 360 -0.022648027740476327
86 SIMPLE_RADIAL 1280 720 611.00991234501453 640 360 -0.024367972351633498
85 SIMPLE_RADIAL 1280 720 610.62797540832878 640 360 -0.026005423778414836
84 SIMPLE_RADIAL 1280 720 609.54503267591804 640 360 -0.027527533421798436
83 SIMPLE_RADIAL 1280 720 608.80244868736577 640 360 -0.027559897390186432
82 SIMPLE_RADIAL 1280 720 608.42919514943719 640 360 -0.028509180073838503
81 SIMPLE_RADIAL 1280 720 607.65389848111181 640 360 -0.029722482651381416
80 SIMPLE_RADIAL 1280 720 606.08417822911656 640 360 -0.030346213722289982
79 SIMPLE_RADIAL 1280 720 604.95309418822569 640 360 -0.031110854383556021
78 SIMPLE_RADIAL 1280 720 604.26049076813683 640 360 -0.031493857495894069
77 SIMPLE_RADIAL 1280 720 603.44159194905797 640 360 -0.03101024127627728
76 SIMPLE_RADIAL 1280 720 603.12328399661146 640 360 -0.031265150665953506
75 SIMPLE_RADIAL 1280 720 602.95226845189518 640 360 -0.031582124499125529
74 SIMPLE_RADIAL 1280 720 602.60422314602772 640 360 -0.03172659314132293
73 SIMPLE_RADIAL 1280 720 602.37629071379274 640 360 -0.031341852249306343
72 SIMPLE_RADIAL 1280 720 602.55926322984271 640 360 -0.032182958830241047
71 SIMPLE_RADIAL 1280 720 602.26177191490149 640 360 -0.031626475198540192
70 SIMPLE_RADIAL 1280 720 602.23356726077793 640 360 -0.031993661229390964
69 SIMPLE_RADIAL 1280 720 602.02940950373147 640 360 -0.031327139425520033
68 SIMPLE_RADIAL 1280 720 601.93160094351163 640 360 -0.031504036901251663
67 SIMPLE_RADIAL 1280 720 601.90340220905887 640 360 -0.031651735824696776
66 SIMPLE_RADIAL 1280 720 602.01854906955919 640 360 -0.031263936196306019
65 SIMPLE_RADIAL 1280 720 601.7817735502357 640 360 -0.031239067529653934
64 SIMPLE_RADIAL 1280 720 601.45499963248415 640 360 -0.031545912693763584
63 SIMPLE_RADIAL 1280 720 601.59103355354239 640 360 -0.032209618315379301
62 SIMPLE_RADIAL 1280 720 601.57502554296059 640 360 -0.032604155992363666
61 SIMPLE_RADIAL 1280 720 600.52843238953983 640 360 -0.031831459363345152
60 SIMPLE_RADIAL 1280 720 599.88151854651721 640 360 -0.033026633369643621
29 SIMPLE_RADIAL 1280 720 613.37462827659215 640 360 -0.026143269535394798
28 SIMPLE_RADIAL 1280 720 614.81903769269024 640 360 -0.026052991524592554
27 SIMPLE_RADIAL 1280 720 614.57864772567939 640 360 -0.024561747978866458
26 SIMPLE_RADIAL 1280 720 615.30783520938462 640 360 -0.02453642363947137
25 SIMPLE_RADIAL 1280 720 614.06228121216395 640 360 -0.019138753411015175
24 SIMPLE_RADIAL 1280 720 615.50000802383965 640 360 -0.019746339695783075
23 SIMPLE_RADIAL 1280 720 616.30853688126547 640 360 -0.022295965216189692
22 SIMPLE_RADIAL 1280 720 616.17981699151983 640 360 -0.025358283497713595
21 SIMPLE_RADIAL 1280 720 616.46915260805031 640 360 -0.02674397178917904
20 SIMPLE_RADIAL 1280 720 617.10969665247887 640 360 -0.0232656969192385
19 SIMPLE_RADIAL 1280 720 618.2310423642258 640 360 -0.021799908993196521
18 SIMPLE_RADIAL 1280 720 618.90739797327956 640 360 -0.020790556576889406
17 SIMPLE_RADIAL 1280 720 619.63008870330975 640 360 -0.02054279798641916
16 SIMPLE_RADIAL 1280 720 621.29247160529837 640 360 -0.022687344496231724
15 SIMPLE_RADIAL 1280 720 618.7768785134416 640 360 -0.01925217140762971
14 SIMPLE_RADIAL 1280 720 617.3923062935844 640 360 -0.016796191515510043
1 SIMPLE_RADIAL 1280 720 615.44500151292084 640 360 -0.016962641844920537
2 SIMPLE_RADIAL 1280 720 615.72749143444719 640 360 -0.016866494305391846
3 SIMPLE_RADIAL 1280 720 616.66347626449237 640 360 -0.015453184284691847
4 SIMPLE_RADIAL 1280 720 617.60112826835632 640 360 -0.013660187542667642
5 SIMPLE_RADIAL 1280 720 618.32246535932802 640 360 -0.014314031561137603
6 SIMPLE_RADIAL 1280 720 617.74668061376565 640 360 -0.014435744488681648
7 SIMPLE_RADIAL 1280 720 618.37167992887623 640 360 -0.012952546308547657
8 SIMPLE_RADIAL 1280 720 618.28795123145653 640 360 -0.011630740264504603
9 SIMPLE_RADIAL 1280 720 618.67882331108763 640 360 -0.010598395082271611
10 SIMPLE_RADIAL 1280 720 617.57040896091439 640 360 -0.010274962526262463
11 SIMPLE_RADIAL 1280 720 617.61861027204543 640 360 -0.010586711777441121
12 SIMPLE_RADIAL 1280 720 617.15334111571678 640 360 -0.011679965676705824
13 SIMPLE_RADIAL 1280 720 617.22824252416081 640 360 -0.014170001593474205
30 SIMPLE_RADIAL 1280 720 613.99305740180182 640 360 -0.026982398360447364
31 SIMPLE_RADIAL 1280 720 613.33050799438729 640 360 -0.026059272722688081
32 SIMPLE_RADIAL 1280 720 613.2293789995615 640 360 -0.025639300075373107
33 SIMPLE_RADIAL 1280 720 612.83132009231815 640 360 -0.024717587289669277
34 SIMPLE_RADIAL 1280 720 613.23984867250329 640 360 -0.024715665047106327
35 SIMPLE_RADIAL 1280 720 613.53832877224374 640 360 -0.024826832434229496
36 SIMPLE_RADIAL 1280 720 614.26755537771544 640 360 -0.023422370118197689
37 SIMPLE_RADIAL 1280 720 615.24895809851466 640 360 -0.024381386277174146
38 SIMPLE_RADIAL 1280 720 616.63970813625269 640 360 -0.024935388499219953
39 SIMPLE_RADIAL 1280 720 616.61534659109509 640 360 -0.024534096219585647
40 SIMPLE_RADIAL 1280 720 617.61342741869191 640 360 -0.024482163142709866
41 SIMPLE_RADIAL 1280 720 618.24278414101991 640 360 -0.024936649872103551
42 SIMPLE_RADIAL 1280 720 618.63653856080884 640 360 -0.024606595846625536
43 SIMPLE_RADIAL 1280 720 618.87448268675712 640 360 -0.025073856608974987
44 SIMPLE_RADIAL 1280 720 619.43679603737644 640 360 -0.025039106380292567
45 SIMPLE_RADIAL 1280 720 619.30274298476115 640 360 -0.024083501548807399
46 SIMPLE_RADIAL 1280 720 619.17531392779722 640 360 -0.022972822436084537
47 SIMPLE_RADIAL 1280 720 618.68230479283068 640 360 -0.022837295539348913
48 SIMPLE_RADIAL 1280 720 618.71828894273028 640 360 -0.022642733834686235
49 SIMPLE_RADIAL 1280 720 618.23084520301154 640 360 -0.020513003112329894
50 SIMPLE_RADIAL 1280 720 618.73497575000442 640 360 -0.020754454044822901
51 SIMPLE_RADIAL 1280 720 619.2174009656178 640 360 -0.020581500689148321
52 SIMPLE_RADIAL 1280 720 618.91870111076241 640 360 -0.018303266631510735
53 SIMPLE_RADIAL 1280 720 618.5122334508892 640 360 -0.018306308104599423
54 SIMPLE_RADIAL 1280 720 618.31326341190629 640 360 -0.019140275708359321
55 SIMPLE_RADIAL 1280 720 601.9930223234021 640 360 -0.014489363848418544
56 SIMPLE_RADIAL 1280 720 602.38137772504842 640 360 -0.031473115880306761
57 SIMPLE_RADIAL 1280 720 601.09717858400029 640 360 -0.031533969886104803
58 SIMPLE_RADIAL 1280 720 599.43098686411884 640 360 -0.032039193015508206
59 SIMPLE_RADIAL 1280 720 599.30095148952535 640 360 -0.032859487084743302
